199,37,0,80,4,16,14,15
199,-59,0,56,1,-15,0,15
199,-17,0,65,1,0,0,14
199,-57,30,101,4,-57,30,17
199,12,0,6,2,12,0,17
199,46,30,22,1,46,30,18
199,-37,30,47,1,-37,30,18
199,-21,0,98,1,-21,0,18
199,-70,0,46,3,-70,0,13
199,59,0,39,1,59,0,17
199,-74,0,64,1,-74,0,18
199,-7,0,75,1,-7,0,18
199,-69,0,24,4,-13,0,21
199,23,0,16,2,39,0,21
199,-62,0,45,2,-9,56,21
199,-77,0,75,2,-24,0,15
199,43,0,95,2,38,0,13
199,1,0,55,3,26,0,14
199,55,27,112,1,-4,0,13
199,-25,27,12,1,-36,0,55
199,83,0,79,1,13,0,14
199,7,29,103,3,7,29,15
199,0,0,13,2,0,0,17
199,50,0,21,2,50,0,18
199,34,25,43,2,34,25,15
199,79,0,69,2,79,0,15
199,-1,0,97,2,-1,0,14
199,43,30,68,4,43,30,2
199,22,0,5,4,22,0,0
199,-68,0,38,3,-68,0,12
199,44,27,62,3,44,27,18
199,26,27,90,3,26,27,18
199,-44,27,72,4,16,26,13
199,22,27,90,4,43,4,15
199,-23,27,5,3,-28,0,55
199,22,27,111,2,29,23,13
199,6,0,25,3,6,0,15
199,-64,0,75,4,-15,20,15
199,-39,30,49,3,-39,30,18
199,8,51,138,3,8,51,21
199,-32,0,76,2,86,9,13
199,-63,0,91,2,-31,9,15
199,-49,-2,66,2,-17,6,15
199,-54,-3,76,2,-40,18,15
199,49,23,97,2,18,22,53
199,-47,25,14,4,-47,25,0
199,36,0,65,3,36,0,18
199,50,25,18,2,50,25,15
199,76,0,58,4,76,0,15
199,8,0,99,4,8,0,18
199,-22,27,5,4,-22,27,13
199,-65,0,10,4,-65,0,13
199,-68,0,64,4,-68,0,9
199,33,0,65,4,-3,0,14
199,58,23,77,4,23,21,15
199,-49,0,92,3,-24,0,54
199,20,0,85,3,18,0,6
199,-56,27,69,3,-14,4,15
199,-19,0,36,4,13,0,21
199,-17,0,20,2,-17,0,18
199,38,0,66,2,38,0,0
199,42,23,22,4,42,23,0
199,-15,42,55,4,-15,42,17
199,-44,-1,108,4,-44,-1,17
199,49,-2,82,3,49,-2,13
199,-16,0,117,3,-16,0,12
199,23,0,107,3,23,0,13
199,-27,0,51,2,-27,0,15
199,36,23,27,1,36,23,18
199,-26,0,30,4,-26,0,18
199,-59,0,74,4,-59,0,18
199,19,0,39,2,19,0,17
199,5,0,30,2,20,4,19
199,38,0,53,2,62,14,15
199,-27,0,63,2,-10,13,15
199,36,23,74,2,36,23,15
199,-68,0,64,2,-43,20,15
199,39,0,99,2,11,0,7
199,-43,27,114,3,-9,22,13
199,14,42,52,3,5,18,15
199,57,23,53,4,53,65,15
199,-24,0,36,4,-16,0,11
199,-35,0,31,1,-35,0,17
199,-58,23,118,2,-58,23,15
199,59,23,74,2,59,23,15
199,-25,0,37,3,-25,0,18
199,-56,27,90,3,-25,18,15
199,9,54,11,4,6,54,55
199,-33,0,57,1,-33,0,7
199,67,0,30,1,67,0,17
199,-68,0,158,2,-68,0,19
199,-30,0,149,2,-30,0,19
199,-44,27,55,2,-44,27,14
199,-44,27,24,2,-44,27,14
199,21,0,80,3,21,0,18
199,-52,27,30,3,-52,27,2
199,21,27,83,3,26,30,14
199,41,27,100,3,24,29,15
199,29,27,19,2,32,26,55
199,29,0,21,4,29,0,18
199,17,51,60,4,17,51,18
199,-39,0,81,4,-39,0,18
199,-42,23,61,3,-30,26,8
199,8,0,36,3,8,0,0
199,-76,0,52,2,-76,0,17
199,-55,-3,5,2,-17,32,21
199,59,23,129,2,23,7,15
199,55,-3,134,2,23,37,21
199,-44,-1,39,1,-16,7,21
199,18,0,28,4,18,0,17
199,11,0,24,2,11,0,21
199,14,42,91,3,0,56,15
199,-35,0,122,3,3,9,13
199,-5,0,100,2,74,0,14
199,36,27,70,4,36,27,18
199,44,0,21,2,44,0,15
199,-47,27,35,1,-47,27,18
199,-24,27,47,1,-24,27,18
199,-57,27,95,1,-57,27,17
199,-27,27,58,4,-12,24,15
199,68,0,59,3,29,0,53
199,-40,23,86,1,-32,23,14
199,-55,-3,61,1,-18,0,10
199,19,0,35,3,19,0,18
199,-59,0,92,3,23,27,15
200,-31,30,7,3,-31,30,0
200,-15,42,98,4,-14,57,14
200,57,27,48,3,43,30,55
200,57,27,28,2,57,27,15
200,15,42,86,3,15,42,13
200,22,27,44,1,22,27,12
200,7,0,60,2,7,0,15
200,11,0,76,3,-14,0,15
200,5,0,21,1,5,0,18
200,-46,0,74,2,-36,0,15
200,-19,27,45,3,-19,27,15
200,54,0,11,2,54,0,14
200,-17,0,117,2,-12,0,21
200,-12,0,18,1,-12,0,0
200,-11,0,94,2,-8,0,14
200,-28,23,84,2,-34,23,15
200,-10,0,83,4,-10,0,9
200,34,0,16,4,18,-2,21
200,-20,27,70,3,-20,27,14
200,-27,23,93,3,-13,17,13
200,-21,0,101,3,-21,27,55
200,-20,0,68,2,-45,0,13
200,-7,0,72,4,-14,0,13
200,-26,0,100,3,-29,8,13
200,-4,0,85,2,-16,0,15
200,-4,0,10,3,-4,0,15
200,34,0,21,3,6,0,8
200,46,0,118,4,32,24,21
200,4,0,22,4,4,0,17
200,-18,54,80,4,-18,54,18
200,28,23,18,2,26,21,55
200,15,42,35,2,11,42,16
200,31,30,69,3,31,30,18
200,42,0,53,2,56,2,15
200,-32,0,59,1,-32,0,18
200,-12,0,105,1,-12,0,18
200,-57,27,86,2,-41,27,55
200,28,23,62,3,28,23,18
200,7,0,63,4,10,0,6
200,63,30,67,4,41,56,55
200,31,30,69,3,12,23,55
200,-13,0,102,2,-13,0,15
200,40,0,60,2,68,0,21
200,-28,0,49,1,-28,0,15
200,14,0,42,2,-26,1,16
200,15,0,30,3,-2,0,8
201,43,0,25,1,2,0,8
201,-24,25,44,3,-24,25,18
201,-61,30,52,3,-61,30,0
201,-65,0,49,3,-65,0,0
201,87,0,45,4,87,0,18
201,-55,25,27,4,-55,25,0
201,47,0,76,4,47,0,13
201,57,27,40,4,57,27,18
201,10,0,17,3,10,0,18
201,-45,0,25,1,-15,0,19
201,-18,0,77,4,-18,0,15
201,-87,0,63,4,-49,6,14
201,19,51,67,4,19,51,13
201,77,0,33,3,36,2,8
201,45,0,57,3,45,0,18
201,-57,27,36,3,-31,19,16
201,63,30,37,1,54,33,16
201,40,0,106,3,12,0,14
201,-61,0,40,2,-61,0,17
201,55,0,34,2,55,0,17
201,31,30,22,2,49,30,55
201,-49,0,49,2,-49,0,53
201,17,0,55,4,5,0,15
201,31,30,45,3,41,21,16
201,-56,-3,4,2,-56,-3,0
201,-46,-1,42,2,-46,-1,15
201,-68,0,11,2,-30,0,54
201,85,0,14,1,85,0,17
201,56,-3,120,3,7,0,15
201,-22,0,108,2,-22,0,15
201,16,0,99,2,16,0,14
201,59,23,83,4,40,23,14
201,15,42,76,4,0,35,55
201,-18,54,94,3,-18,54,18
201,68,0,110,3,55,25,15
201,85,0,54,4,85,0,13
201,48,0,62,4,48,0,18
201,56,-3,57,4,40,0,15
201,16,0,106,2,16,0,17
201,-59,0,83,2,-59,0,15
201,-47,0,66,3,-6,0,15
